{
  "config": {
    "num_trades": 8,
    "num_portfolios": 3,
    "trade_types": "ir_swap",
    "num_risk_factors": 20
  },
  "trades": [
    {
      "id": "IR_SWAP_000000",
      "type": "IRSwap",
      "notional": 50000000.0,
      "currency": "USD",
      "maturity": 5.0,
      "standalone_im": 13725982131.275192,
      "initial_portfolio": 2,
      "num_sensitivities": 6
    },
    {
      "id": "IR_SWAP_000001",
      "type": "IRSwap",
      "notional": 5000000.0,
      "currency": "EUR",
      "maturity": 1.0,
      "standalone_im": 334650111.43658626,
      "initial_portfolio": 0,
      "num_sensitivities": 3
    },
    {
      "id": "IR_SWAP_000002",
      "type": "IRSwap",
      "notional": 50000000.0,
      "currency": "EUR",
      "maturity": 20.0,
      "standalone_im": 32930756735.237667,
      "initial_portfolio": 2,
      "num_sensitivities": 9
    },
    {
      "id": "IR_SWAP_000003",
      "type": "IRSwap",
      "notional": 1000000.0,
      "currency": "USD",
      "maturity": 30.0,
      "standalone_im": 975149612.2609373,
      "initial_portfolio": 2,
      "num_sensitivities": 9
    },
    {
      "id": "IR_SWAP_000004",
      "type": "IRSwap",
      "notional": 10000000.0,
      "currency": "EUR",
      "maturity": 1.0,
      "standalone_im": 653223232.3375272,
      "initial_portfolio": 0,
      "num_sensitivities": 2
    },
    {
      "id": "IR_SWAP_000005",
      "type": "IRSwap",
      "notional": 100000000.0,
      "currency": "USD",
      "maturity": 20.0,
      "standalone_im": 142019267674.2205,
      "initial_portfolio": 0,
      "num_sensitivities": 8
    },
    {
      "id": "IR_SWAP_000006",
      "type": "IRSwap",
      "notional": 5000000.0,
      "currency": "EUR",
      "maturity": 7.0,
      "standalone_im": 234779098.88586852,
      "initial_portfolio": 2,
      "num_sensitivities": 7
    },
    {
      "id": "IR_SWAP_000007",
      "type": "IRSwap",
      "notional": 50000000.0,
      "currency": "EUR",
      "maturity": 2.0,
      "standalone_im": 6433670342.6331835,
      "initial_portfolio": 1,
      "num_sensitivities": 3
    }
  ],
  "initial_state": {
    "assignments": [
      2,
      0,
      2,
      2,
      0,
      0,
      2,
      1
    ],
    "portfolio_ims": [
      {
        "portfolio": 0,
        "im": 142174138453.40564,
        "trades": 3
      },
      {
        "portfolio": 1,
        "im": 6433670342.6331835,
        "trades": 1
      },
      {
        "portfolio": 2,
        "im": 33518895854.756485,
        "trades": 4
      }
    ],
    "total_im": 182126704650.7953
  },
  "final_state": {
    "assignments": [
      2,
      0,
      2,
      2,
      0,
      2,
      2,
      1
    ],
    "portfolio_ims": [
      {
        "portfolio": 0,
        "im": 987870018.264961,
        "trades": 2
      },
      {
        "portfolio": 1,
        "im": 6433670342.6331835,
        "trades": 1
      },
      {
        "portfolio": 2,
        "im": 121841068371.76013,
        "trades": 5
      }
    ],
    "total_im": 129262608732.65828
  },
  "optimization": {
    "num_iterations": 50,
    "steps": [
      {
        "iteration": 0,
        "total_im": 70678288973.96967,
        "assignments": [
          2,
          0,
          2,
          2,
          0,
          0,
          2,
          1
        ],
        "allocation_matrix": [
          [
            0.0,
            0.0,
            1.0
          ],
          [
            1.0,
            0.0,
            0.0
          ],
          [
            0.0,
            0.0,
            1.0
          ],
          [
            0.0,
            0.0,
            1.0
          ],
          [
            1.0,
            0.0,
            0.0
          ],
          [
            1.0,
            0.0,
            0.0
          ],
          [
            0.0,
            0.0,
            1.0
          ],
          [
            0.0,
            1.0,
            0.0
          ]
        ]
      },
      {
        "iteration": 1,
        "total_im": 69208087542.25212,
        "assignments": [
          2,
          0,
          2,
          2,
          0,
          0,
          2,
          1
        ],
        "allocation_matrix": [
          [
            0.0022335292467735406,
            0.0018279258211572798,
            0.9959385449320692
          ],
          [
            0.999996280893958,
            3.692294957137352e-06,
            2.681108485171982e-08
          ],
          [
            0.005007040196582641,
            0.005099009197678529,
            0.9898939506057388
          ],
          [
            0.0,
            8.330547240698039e-06,
            0.9999916694527593
          ],
          [
            0.9999926905284439,
            7.250595145971514e-06,
            5.8876410154431744e-08
          ],
          [
            0.9701368660258907,
            0.01499680944720642,
            0.014866324526902888
          ],
          [
            3.309168892004134e-05,
            5.709920741780625e-05,
            0.9999098091036621
          ],
          [
            0.0015464275053903144,
            0.9968826965084286,
            0.0015708759861809874
          ]
        ]
      },
      {
        "iteration": 2,
        "total_im": 67934694530.6732,
        "assignments": [
          2,
          0,
          2,
          2,
          0,
          0,
          2,
          1
        ],
        "allocation_matrix": [
          [
            0.004462603083001913,
            0.003667372371004314,
            0.9918700245459937
          ],
          [
            0.9999924884413077,
            7.400046412304727e-06,
            1.1151227988036145e-07
          ],
          [
            0.010093502083235058,
            0.009967039801017208,
            0.9799394581157477
          ],
          [
            0.0,
            0.0,
            1.0
          ],
          [
            0.9999852367685419,
            1.4531708766625414e-05,
            2.3152269135844038e-07
          ],
          [
            0.9428910756270268,
            0.026190410597102035,
            0.030918513775871133
          ],
          [
            6.667780843020268e-05,
            0.00011372496877438628,
            0.9998195972227955
          ],
          [
            0.0030766337088141884,
            0.9937987777571391,
            0.0031245885340466808
          ]
        ]
      },
      {
        "iteration": 3,
        "total_im": 66798171739.16958,
        "assignments": [
          2,
          0,
          2,
          2,
          0,
          0,
          2,
          1
        ],
        "allocation_matrix": [
          [
            0.0066890910841604775,
            0.005505450211069422,
            0.9878054587047701
          ],
          [
            0.9999886360335737,
            1.110008111759981e-05,
            2.638853087990639e-07
          ],
          [
            0.01524254076259493,
            0.014616821218979826,
            0.9701406380184252
          ],
          [
            0.0,
            0.0,
            1.0
          ],
          [
            0.9999776650081249,
            2.179786661179944e-05,
            5.371252633930952e-07
          ],
          [
            0.9176968321682686,
            0.03484572512101442,
            0.047457442710717015
          ],
          [
            0.00010076503953593705,
            0.00016970705104366957,
            0.9997295279094205
          ],
          [
            0.004574529984813488,
            0.990780421545711,
            0.0046450484694755215
          ]
        ]
      },
      {
        "iteration": 4,
        "total_im": 65767397659.72456,
        "assignments": [
          2,
          0,
          2,
          2,
          0,
          0,
          2,
          1
        ],
        "allocation_matrix": [
          [
            0.008912806824589689,
            0.007333095738621094,
            0.9837540974367892
          ],
          [
            0.999984727169136,
            1.4787574826953385e-05,
            4.852560371226585e-07
          ],
          [
            0.0204363019217906,
            0.019061143846284975,
            0.9605025542319244
          ],
          [
            0.0,
            0.0,
            1.0
          ],
          [
            0.9999699821198637,
            2.903959874468594e-05,
            9.782813916367383e-07
          ],
          [
            0.8941571250698844,
            0.041817949097957136,
            0.06402492583215841
          ],
          [
            0.00013528580792059058,
            0.0002250024864388013,
            0.9996397117056407
          ],
          [
            0.00603710559964888,
            0.9878336405017633,
            0.006129253898587842
          ]
        ]
      },
      {
        "iteration": 5,
        "total_im": 64824769864.718765,
        "assignments": [
          2,
          0,
          2,
          2,
          0,
          0,
          2,
          1
        ],
        "allocation_matrix": [
          [
            0.011132381037280373,
            0.009143991920674955,
            0.9797236270420446
          ],
          [
            0.9999807617586345,
            1.846388078099015e-05,
            7.743605844612658e-07
          ],
          [
            0.025658086126125558,
            0.023310760801187918,
            0.9510311530726865
          ],
          [
            0.0,
            0.0,
            1.0
          ],
          [
            0.9999621879340554,
            3.625955747532183e-05,
            1.5525084692443856e-06
          ],
          [
            0.8720034317850077,
            0.047654458524577156,
            0.08034210969041516
          ],
          [
            0.00017015210965810182,
            0.00027960605865232747,
            0.9995502418316895
          ],
          [
            0.007465653276089402,
            0.9849558335966362,
            0.007578513127274317
          ]
        ]
      },
      {
        "iteration": 6,
        "total_im": 63958845830.89005,
        "assignments": [
          2,
          0,
          2,
          2,
          0,
          0,
          2,
          1
        ],
        "allocation_matrix": [
          [
            0.013345903537600802,
            0.010933669348673064,
            0.9757204271137262
          ],
          [
            0.9999767386346813,
            2.2131908647260842e-05,
            1.1294566714653656e-06
          ],
          [
            0.030892811552596083,
            0.027374824539233768,
            0.9417323639081702
          ],
          [
            0.0,
            0.0,
            1.0
          ],
          [
            0.9999542801639172,
            4.346344991915428e-05,
            2.2563861635632083e-06
          ],
          [
            0.851048812956688,
            0.05270579374428584,
            0.09624539329902618
          ],
          [
            0.00020527610697744343,
            0.00033352061694346096,
            0.9994612032760791
          ],
          [
            0.008862468117131456,
            0.9821423885495166,
            0.008995143333351895
          ]
        ]
      },
      {
        "iteration": 7,
        "total_im": 63161155341.53239,
        "assignments": [
          2,
          0,
          2,
          2,
          0,
          0,
          2,
          1
        ],
        "allocation_matrix": [
          [
            0.015551301135185401,
            0.012698941675302357,
            0.9717497571895123
          ],
          [
            0.9999726564349911,
            2.579462233430178e-05,
            1.548942674552076e-06
          ],
          [
            0.036127023967356474,
            0.03126158041188887,
            0.9326113956207548
          ],
          [
            0.0,
            0.0,
            1.0
          ],
          [
            0.9999462561390622,
            5.065709021820149e-05,
            3.0867707195518737e-06
          ],
          [
            0.8311566130946875,
            0.05720023471759786,
            0.1116431521877147
          ],
          [
            0.00024057709434453626,
            0.0003867496077675601,
            0.9993726732978879
          ],
          [
            0.010229795207227305,
            0.9793887866796104,
            0.010381418113162382
          ]
        ]
      },
      {
        "iteration": 8,
        "total_im": 62424826571.53171,
        "assignments": [
          2,
          0,
          2,
          2,
          0,
          0,
          2,
          1
        ],
        "allocation_matrix": [
          [
            0.017746544244685032,
            0.014437557840830827,
            0.9678158979144841
          ],
          [
            0.9999685138832201,
            2.9454638296191628e-05,
            2.031478483707528e-06
          ],
          [
            0.04134880048635886,
            0.03497884787960514,
            0.9236723516340359
          ],
          [
            0.0,
            0.0,
            1.0
          ],
          [
            0.9999381133569644,
            5.784561115359615e-05,
            4.041031882073114e-06
          ],
          [
            0.8122217447659595,
            0.06128941803439571,
            0.12648883719964485
          ],
          [
            0.0002759834350061055,
            0.00043929629860642495,
            0.9992847202663875
          ],
          [
            0.011569563977452369,
            0.9766911345644794,
            0.011739301458068183
          ]
        ]
      },
      {
        "iteration": 9,
        "total_im": 61743976344.18578,
        "assignments": [
          2,
          0,
          2,
          2,
          0,
          0,
          2,
          1
        ],
        "allocation_matrix": [
          [
            0.01992975303049684,
            0.016147975746788088,
            0.963922271222715
          ],
          [
            0.999964309856736,
            3.3114183154813386e-05,
            2.575960109173118e-06
          ],
          [
            0.04654763063630623,
            0.03853428184089662,
            0.9149180875227972
          ],
          [
            0.0,
            0.0,
            1.0
          ],
          [
            0.9999298496161977,
            6.503338086014171e-05,
            5.117002942192082e-06
          ],
          [
            0.7941596765276809,
            0.06507600193837274,
            0.1407643215339463
          ],
          [
            0.00031143264728195367,
            0.000491164539209311,
            0.9991974028135087
          ],
          [
            0.012883375297950911,
            0.9740461905551343,
            0.01307043414691483
          ]
        ]
      },
      {
        "iteration": 10,
        "total_im": 61113425104.7852,
        "assignments": [
          2,
          0,
          2,
          2,
          0,
          0,
          2,
          1
        ],
        "allocation_matrix": [
          [
            0.022099245620297137,
            0.01782920415555968,
            0.9600715502241433
          ],
          [
            0.9999600433830078,
            3.6775153273155235e-05,
            3.181463719079486e-06
          ],
          [
            0.0517142937823177,
            0.04193548360342216,
            0.9063502226142601
          ],
          [
            0.0,
            0.0,
            1.0
          ],
          [
            0.9999214630095157,
            7.222411963148142e-05,
            6.312870852809398e-06
          ],
          [
            0.7768998705112731,
            0.06863070853714874,
            0.15446942095157823
          ],
          [
            0.00034687080848994767,
            0.000542359545979038,
            0.9991107696455309
          ],
          [
            0.01417255727967777,
            0.9714512540470115,
            0.014376188673310763
          ]
        ]
      },
      {
        "iteration": 11,
        "total_im": 60528551986.32869,
        "assignments": [
          2,
          0,
          2,
          2,
          0,
          0,
          2,
          1
        ],
        "allocation_matrix": [
          [
            0.02425355310727057,
            0.01948068525579726,
            0.9562657616369322
          ],
          [
            0.9999557136157442,
            4.043919031499778e-05,
            3.84719394076878e-06
          ],
          [
            0.056840737949489205,
            0.0451900232662108,
            0.8979692387842999
          ],
          [
            0.0,
            0.0,
            1.0
          ],
          [
            0.9999129518771351,
            7.942104812495253e-05,
            7.6270747399471905e-06
          ],
          [
            0.7603817792980879,
            0.07200304914733605,
            0.16761517155457611
          ],
          [
            0.00038225172586011297,
            0.0005928883681954524,
            0.9990248599059445
          ],
          [
            0.015438229154875815,
            0.9689040386443534,
            0.015657732200770703
          ]
        ]
      },
      {
        "iteration": 12,
        "total_im": 59985211158.04261,
        "assignments": [
          2,
          0,
          2,
          2,
          0,
          0,
          2,
          1
        ],
        "allocation_matrix": [
          [
            0.026391415878115065,
            0.021102203560734584,
            0.9525063805611503
          ],
          [
            0.9999513198087379,
            4.410774685765909e-05,
            4.572444404441373e-06
          ],
          [
            0.06191996244308481,
            0.04830541587216091,
            0.8897746216847543
          ],
          [
            0.0,
            0.0,
            1.0
          ],
          [
            0.9999043147554781,
            8.662701606932111e-05,
            9.058228452652663e-06
          ],
          [
            0.7445523331212575,
            0.07522821751250137,
            0.1802194493662412
          ],
          [
            0.000417536058321148,
            0.0006427600431236189,
            0.9989397038985552
          ],
          [
            0.01668135551559859,
            0.9664025645745401,
            0.016916079909861412
          ]
        ]
      },
      {
        "iteration": 13,
        "total_im": 59479675441.83325,
        "assignments": [
          2,
          0,
          2,
          2,
          0,
          0,
          2,
          1
        ],
        "allocation_matrix": [
          [
            0.028511769951173688,
            0.022693813338262103,
            0.9487944167105642
          ],
          [
            0.9999468612931056,
            4.778213677132952e-05,
            5.35657012308107e-06
          ],
          [
            0.0669459061317606,
            0.051289077659996726,
            0.8817650162082427
          ],
          [
            0.0,
            0.0,
            1.0
          ],
          [
            0.9998955503325553,
            9.38446010958804e-05,
            1.0605066348784229e-05
          ],
          [
            0.7293643101209849,
            0.0783316041044992,
            0.19230408577451585
          ],
          [
            0.00045269046829757135,
            0.000691985528329792,
            0.9988553240033726
          ],
          [
            0.01790278778025353,
            0.9639450765631306,
            0.018152135656615984
          ]
        ]
      },
      {
        "iteration": 14,
        "total_im": 59008592531.8683,
        "assignments": [
          2,
          0,
          2,
          2,
          0,
          0,
          2,
          1
        ],
        "allocation_matrix": [
          [
            0.030613728546778993,
            0.02425577999050434,
            0.9451304914627167
          ],
          [
            0.9999423374591292,
            5.1463571683404024e-05,
            6.198969187328718e-06
          ],
          [
            0.07191334286515232,
            0.0541482776979469,
            0.8739383794369008
          ],
          [
            0.0,
            0.0,
            1.0
          ],
          [
            0.999886657412361,
            0.0001010761802742597,
            1.2266407364695283e-05
          ],
          [
            0.7147752398138235,
            0.08133180103036781,
            0.2038929591558087
          ],
          [
            0.0004876868377238265,
            0.0007405774991781877,
            0.9987717356630981
          ],
          [
            0.019103294314987584,
            0.9615299842928436,
            0.019366721392168763
          ]
        ]
      },
      {
        "iteration": 15,
        "total_im": 58568947606.54091,
        "assignments": [
          2,
          0,
          2,
          2,
          0,
          0,
          2,
          1
        ],
        "allocation_matrix": [
          [
            0.03269656200684427,
            0.02578853242404341,
            0.9415149055691123
          ],
          [
            0.9999377477423602,
            5.515318646873796e-05,
            7.09907117105745e-06
          ],
          [
            0.07681778501942511,
            0.056890093087487756,
            0.8662921218930871
          ],
          [
            0.0,
            0.0,
            1.0
          ],
          [
            0.9998776348876255,
            0.0001083239801191952,
            1.4041132255260615e-05
          ],
          [
            0.7007466350323022,
            0.0842426305444392,
            0.21501073442325863
          ],
          [
            0.0005225015614626358,
            0.0007885500788072316,
            0.9986889483597301
          ],
          [
            0.020283581670240605,
            0.9591558205199411,
            0.0205605978098183
          ]
        ]
      },
      {
        "iteration": 16,
        "total_im": 58158029802.84601,
        "assignments": [
          2,
          0,
          2,
          2,
          0,
          0,
          2,
          1
        ],
        "allocation_matrix": [
          [
            0.03475967787774905,
            0.02729262431324394,
            0.937947697809007
          ],
          [
            0.9999330916132283,
            5.885205664949542e-05,
            8.05633012221612e-06
          ],
          [
            0.08165539567724495,
            0.05952137156923628,
            0.8588232327535188
          ],
          [
            0.0,
            0.0,
            1.0
          ],
          [
            0.9998684817194364,
            0.00011559011072787215,
            1.592816983570015e-05
          ],
          [
            0.6872434306804673,
            0.08707453131629579,
            0.2256820380032368
          ],
          [
            0.00055711492076562,
            0.0008359185463118557,
            0.9986069665329226
          ],
          [
            0.021444309259908808,
            0.9568212121976244,
            0.021734478542466705
          ]
        ]
      },
      {
        "iteration": 17,
        "total_im": 57773401585.53653,
        "assignments": [
          2,
          0,
          2,
          2,
          0,
          0,
          2,
          1
        ],
        "allocation_matrix": [
          [
            0.03680260215858372,
            0.02876870265553788,
            0.9344286951858785
          ],
          [
            0.9999283685693767,
            6.256121006117165e-05,
            9.070220562109151e-06
          ],
          [
            0.08642290952756064,
            0.06204870280304911,
            0.8515283876693902
          ],
          [
            0.0,
            0.0,
            1.0
          ],
          [
            0.9998591969222077,
            0.000122876588666261,
            1.792648912596456e-05
          ],
          [
            0.6742335559966658,
            0.08983551614374656,
            0.23593092785958772
          ],
          [
            0.0005915105339437639,
            0.0008826990516218062,
            0.9985257904144345
          ],
          [
            0.022586099364514067,
            0.9545248608537121,
            0.022889039781773746
          ]
        ]
      },
      {
        "iteration": 18,
        "total_im": 57412870666.616295,
        "assignments": [
          2,
          0,
          2,
          2,
          0,
          0,
          2,
          1
        ],
        "allocation_matrix": [
          [
            0.03882496221294825,
            0.03021748233609456,
            0.9309575554509573
          ],
          [
            0.9999235781300614,
            6.628163456132736e-05,
            1.014023537727228e-05
          ],
          [
            0.09111756224840685,
            0.06447839817529945,
            0.8444040395762937
          ],
          [
            0.0,
            0.0,
            1.0
          ],
          [
            0.9998497795526959,
            0.00013018535209300818,
            2.0035095211130498e-05
          ],
          [
            0.6616875955481116,
            0.09253184012935062,
            0.24578056432253775
          ],
          [
            0.0006256748786456768,
            0.000928908353208483,
            0.9984454167681458
          ],
          [
            0.02370954387753798,
            0.9522655293967446,
            0.02402492672571746
          ]
        ]
      },
      {
        "iteration": 19,
        "total_im": 57074464346.41915,
        "assignments": [
          2,
          0,
          2,
          2,
          0,
          0,
          2,
          1
        ],
        "allocation_matrix": [
          [
            0.040826471534663,
            0.03163972564714686,
            0.9275338028181901
          ],
          [
            0.9999187198320888,
            7.001428306721565e-05,
            1.1265884843967858e-05
          ],
          [
            0.09573702791428496,
            0.06681647827141383,
            0.8374464938143011
          ],
          [
            0.0,
            0.0,
            1.0
          ],
          [
            0.9998402287020339,
            0.0001375182706419369,
            2.2253027324079365e-05
          ],
          [
            0.6495785112274198,
            0.09516847110403381,
            0.2552530176685463
          ],
          [
            0.0006595968788996171,
            0.0009745635864509072,
            0.9983658395346494
          ],
          [
            0.024815208825554283,
            0.9500420333021862,
            0.025142757872259513
          ]
        ]
      },
      {
        "iteration": 20,
        "total_im": 56756406195.967224,
        "assignments": [
          2,
          0,
          2,
          2,
          0,
          0,
          2,
          1
        ],
        "allocation_matrix": [
          [
            0.042806916375174815,
            0.03303622588453562,
            0.9241568577402896
          ],
          [
            0.9999137932268927,
            7.376007682640941e-05,
            1.2446696280968238e-05
          ],
          [
            0.10027936383463523,
            0.06906866685726351,
            0.8306519693081013
          ],
          [
            0.0,
            0.0,
            1.0
          ],
          [
            0.9998305434899997,
            0.00014487715183828835,
            2.457935816205302e-05
          ],
          [
            0.637881407809633,
            0.09774942367197062,
            0.2643691685183964
          ],
          [
            0.0006932675497287473,
            0.0010196820652087109,
            0.9982870503850626
          ],
          [
            0.025903637392662507,
            0.9478532347300136,
            0.026243127877323927
          ]
        ]
      },
      {
        "iteration": 21,
        "total_im": 56457094988.48164,
        "assignments": [
          2,
          0,
          2,
          2,
          0,
          0,
          2,
          1
        ],
        "allocation_matrix": [
          [
            0.04476614413761824,
            0.03440779428928928,
            0.9208260615730925
          ],
          [
            0.9999087978784511,
            7.751990754300514e-05,
            1.3682214005785729e-05
          ],
          [
            0.10474296216248727,
            0.07124039015839152,
            0.8240166476791212
          ],
          [
            0.0,
            0.0,
            1.0
          ],
          [
            0.9998207230609326,
            0.0001522637452689985,
            2.701319379840866e-05
          ],
          [
            0.6265733308942395,
            0.10027799837536133,
            0.2731486707303993
          ],
          [
            0.0007266796923196728,
            0.0010642811159769247,
            0.9982090391917033
          ],
          [
            0.026975351957804032,
            0.9456980385676155,
            0.027326609474580515
          ]
        ]
      },
      {
        "iteration": 22,
        "total_im": 56175085761.51945,
        "assignments": [
          2,
          0,
          2,
          2,
          0,
          0,
          2,
          1
        ],
        "allocation_matrix": [
          [
            0.04670405338988336,
            0.03575524972406634,
            0.9175406968860503
          ],
          [
            0.9999037333618251,
            8.129463878141273e-05,
            1.4971999393395978e-05
          ],
          [
            0.1091265075940283,
            0.0733367802990369,
            0.8175367121069349
          ],
          [
            0.0,
            0.0,
            1.0
          ],
          [
            0.9998107665808699,
            0.00015967974533497516,
            2.955367379517457e-05
          ],
          [
            0.6156330899052738,
            0.1027569543162779,
            0.2816099557784484
          ],
          [
            0.0007598276331810015,
            0.0011083779422389754,
            0.99813179442458
          ],
          [
            0.02803085549371071,
            0.943575389710169,
            0.028393754796120305
          ]
        ]
      },
      {
        "iteration": 23,
        "total_im": 55909072867.969086,
        "assignments": [
          2,
          0,
          2,
          2,
          0,
          0,
          2,
          1
        ],
        "allocation_matrix": [
          [
            0.048620585327442796,
            0.037079410577629646,
            0.9143000040949275
          ],
          [
            0.9998985992621579,
            8.508510692578531e-05,
            1.6315630916350426e-05
          ],
          [
            0.11342894049482093,
            0.07536268189553023,
            0.8112083776096489
          ],
          [
            0.0,
            0.0,
            1.0
          ],
          [
            0.9998006732355864,
            0.00016712679313289836,
            3.219997128069693e-05
          ],
          [
            0.6050411012073438,
            0.10518863475748305,
            0.2897702640351732
          ],
          [
            0.0007927070013236662,
            0.001151989515787655,
            0.9980553034828886
          ],
          [
            0.029070632563163383,
            0.9414842711153515,
            0.029445096321485155
          ]
        ]
      },
      {
        "iteration": 24,
        "total_im": 55657874859.39813,
        "assignments": [
          2,
          0,
          2,
          2,
          0,
          0,
          2,
          1
        ],
        "allocation_matrix": [
          [
            0.050515716513667104,
            0.038381088478019555,
            0.9111031950083133
          ],
          [
            0.9998933951740183,
            8.889212187897977e-05,
            1.7712704102735096e-05
          ],
          [
            0.11764942482443218,
            0.07732266095124024,
            0.8050279142243276
          ],
          [
            0.0,
            0.0,
            1.0
          ],
          [
            0.9997904422293112,
            0.00017460647782419048,
            3.495129286449522e-05
          ],
          [
            0.5947792478884031,
            0.1075750592601463,
            0.2976456928514506
          ],
          [
            0.0008253145381446509,
            0.0011951324915098077,
            0.9979795529703456
          ],
          [
            0.030095150069335913,
            0.9394237023256943,
            0.03048114760496981
          ]
        ]
      },
      {
        "iteration": 25,
        "total_im": 55420421039.217606,
        "assignments": [
          2,
          0,
          2,
          2,
          0,
          0,
          2,
          1
        ],
        "allocation_matrix": [
          [
            0.052389452732921934,
            0.03966108346885888,
            0.9079494637982193
          ],
          [
            0.9998881207010051,
            9.271646761515281e-05,
            1.916283137976161e-05
          ],
          [
            0.12178732027919237,
            0.07922101535090773,
            0.7989916643698999
          ],
          [
            0.0,
            0.0,
            1.0
          ],
          [
            0.999780072783954,
            0.00018212033771748608,
            3.780687832852889e-05
          ],
          [
            0.5848307537070742,
            0.10991799184491705,
            0.3052512544480088
          ],
          [
            0.0008576479353347874,
            0.0012378231421859018,
            0.9979045289224794
          ],
          [
            0.03110485786258378,
            0.9373927382595035,
            0.031502403877912664
          ]
        ]
      },
      {
        "iteration": 26,
        "total_im": 55195739524.18732,
        "assignments": [
          2,
          0,
          2,
          2,
          0,
          0,
          2,
          1
        ],
        "allocation_matrix": [
          [
            0.054241823804830405,
            0.040920180365057506,
            0.904837995830112
          ],
          [
            0.9998827754555488,
            9.655890265723886e-05,
            2.0665641794029088e-05
          ],
          [
            0.12584215812627417,
            0.08106178638983011,
            0.7930960554838957
          ],
          [
            0.0,
            0.0,
            1.0
          ],
          [
            0.9997695641387203,
            0.00018966986120340894,
            4.076600007627833e-05
          ],
          [
            0.5751800693135598,
            0.1122189918604729,
            0.3126009388259673
          ],
          [
            0.0008897056967394119,
            0.0012800773101001887,
            0.9978302169931604
          ],
          [
            0.032100189268932995,
            0.9353904681444255,
            0.032509342586641635
          ]
        ]
      },
      {
        "iteration": 27,
        "total_im": 54982946658.93311,
        "assignments": [
          2,
          0,
          2,
          2,
          0,
          0,
          2,
          1
        ],
        "allocation_matrix": [
          [
            0.056072879223566005,
            0.04215914605572735,
            0.9017679747207066
          ],
          [
            0.9998773590588675,
            0.00010042016052068465,
            2.2220780611845777e-05
          ],
          [
            0.1298136202569349,
            0.08284877089329573,
            0.7873376088497693
          ],
          [
            0.0,
            0.0,
            1.0
          ],
          [
            0.9997589155500293,
            0.00019725648762365593,
            4.382796234708344e-05
          ],
          [
            0.56581276925696,
            0.11447945230025869,
            0.31970777844278137
          ],
          [
            0.0009214870206534968,
            0.0013219103725864167,
            0.99775660260676
          ],
          [
            0.03308156158053186,
            0.9334160145168264,
            0.03350242390264177
          ]
        ]
      },
      {
        "iteration": 28,
        "total_im": 54781237637.57205,
        "assignments": [
          2,
          0,
          2,
          2,
          0,
          0,
          2,
          1
        ],
        "allocation_matrix": [
          [
            0.0578826845020154,
            0.043378727564848084,
            0.8987385879331365
          ],
          [
            0.9998718711410437,
            0.00010430095014601464,
            2.3827908810324238e-05
          ],
          [
            0.13370152103983107,
            0.08458553358291863,
            0.7817129453772503
          ],
          [
            0.0,
            0.0,
            1.0
          ],
          [
            0.9997481262916683,
            0.00020488160811683314,
            4.699210021489339e-05
          ],
          [
            0.5567154585666984,
            0.11670062895090641,
            0.3265839124823952
          ],
          [
            0.0009529916995288467,
            0.0013633372189939708,
            0.9976836710814772
          ],
          [
            0.03404937653172984,
            0.9314685322426112,
            0.034482091225659
          ]
        ]
      },
      {
        "iteration": 29,
        "total_im": 54589878197.80951,
        "assignments": [
          2,
          0,
          2,
          2,
          0,
          0,
          2,
          1
        ],
        "allocation_matrix": [
          [
            0.0596713181160408,
            0.04457965071549542,
            0.8957490311684638
          ],
          [
            0.9998663113411973,
            0.00010820195633001335,
            2.5486702472605726e-05
          ],
          [
            0.1375057916051346,
            0.08627541943004274,
            0.7762187889648227
          ],
          [
            0.0,
            0.0,
            1.0
          ],
          [
            0.9997371956551374,
            0.00021254656646259282,
            5.025777839996484e-05
          ],
          [
            0.5478756878899113,
            0.1188836628017121,
            0.3332406493083766
          ],
          [
            0.0009842200345062516,
            0.0014043722369121508,
            0.9976114077285816
          ],
          [
            0.03500402077361471,
            0.9295472075361488,
            0.03544877169023643
          ]
        ]
      },
      {
        "iteration": 30,
        "total_im": 54408197264.92514,
        "assignments": [
          2,
          0,
          2,
          2,
          0,
          0,
          2,
          1
        ],
        "allocation_matrix": [
          [
            0.061438868958289816,
            0.045762619272435544,
            0.8927985117692747
          ],
          [
            0.9998606793077384,
            0.00011212384015893901,
            2.7196852102639477e-05
          ],
          [
            0.14122646623588606,
            0.08792156580405304,
            0.770851967960061
          ],
          [
            0.0,
            0.0,
            1.0
          ],
          [
            0.9997261229501482,
            0.00022025265992938525,
            5.3624389922376587e-05
          ],
          [
            0.539281876309631,
            0.12102959746960837,
            0.3396885262207606
          ],
          [
            0.0010151727625664743,
            0.0014450293058208285,
            0.9975397979316127
          ],
